692072
677822
4300
26289
57134
403341
256380
51176
474344
28624
28622
123036
58530
7057
28629
3792
28722
939
112609
401509
28745
28581
814
3753
28584
692063
284759
257468
23076
8631
28986
9666
6916
51561
168537
5468
348035
64841
8871
8482
28638
28639
91768
257144
126069
3841
28738
63926
29909
921
26249
923
4097
28737
154075
9260
6850
3632
5019
54900
10730
9014
5028
1823
112
10123
100302240
28522
389289
50650
10125
26157
122060
51361
6785
5569
341418
3575
4122
5567
28666
254428
28692
55423
28729
919
28643
915
914
917
916
64919
28727
1236
4213
574412
84455
10783
90488
9840
9002
259215
10225
389119
4118
51301
9397
28716
81615
28714
28559
81606
28711
26149
6768
101928422
5583
5243
684959
55634
79814
149628
11123
57504
28653
54436
55002
79590
8725
654320
2615
767564
6548
9241
50852
23484
8313
3801
10418
10384
3298
5588
3003
56917
5045
53918
645121
28701
28703
3212
28707
677792
79101
4068
2564
1731
28663
28662
28518
10913
28669
10223
154761
55153
91523
106481335
2623
28726
54674
6059
10642
28749
6886
129293
7481
79652
2921
2184
28713
225
4778
28712
28586
54865
55384
1183
8660
28517
28682
55304
28674
28676
28677
285331
340547
28672
28673
29969
677805
53347
140
1519
57546
391059
6815
55204
9452
84830
3672
28683
28567
28560
148266
28562
5054
28688
2571
28568
399
407009
959
6556
7078
28657
3340
2625
92106
28614
80314
11320
28655
80790
28602
29851
9953
166785
23059
140876
54463
162394
28670
28690
9976
131450
387357
3702
6419
28698
54585
90625
9290
28611
1803
93594
1954
51339
940
79710
28752
28751
28619
9882
28755
6525
2531
2057
2537
10947
4999