692072
677822
5567
57134
4300
256380
51176
474344
28624
28622
123036
58530
7057
28629
3792
9241
939
112609
28745
28581
814
23484
28584
692063
7481
284759
257468
28567
23076
8631
28986
9666
6916
51561
914
168537
5468
10418
917
8871
28638
28639
91768
55002
28673
257144
1823
3841
28738
2623
63926
29909
921
26249
923
28737
677792
154075
9260
6850
9840
5019
6815
10730
9014
126069
112
10123
23059
28522
389289
10125
64919
26157
51361
6785
5569
341418
3575
4122
148266
254428
91523
55423
28729
919
28643
915
55304
64841
916
28726
28727
1236
574412
4213
2537
28722
79101
84455
10783
28674
11123
9002
259215
10225
389119
51301
4118
10223
9397
28716
81615
28714
28559
3212
28711
285331
28707
101928422
5583
5243
684959
55634
79814
149628
28655
645121
28653
54436
387357
79590
8725
654320
2615
131450
2921
50852
3753
8313
3801
348035
10384
3298
5588
3003
56917
28698
28701
28703
81606
28662
1731
92106
4068
2564
53918
28663
9976
10913
79710
28669
154761
55153
28666
106481335
53347
391059
10947
54674
6059
10642
28749
6886
129293
6525
9452
26289
2184
28713
225
4778
28712
6768
28586
55384
1183
8660
28682
1519
26149
90488
1954
28676
28677
28670
340547
28672
401509
29969
677805
5028
140876
57546
122060
3632
55204
79652
84830
3672
28683
2057
28560
403341
28562
100302240
5054
28688
2571
28568
399
407009
959
6556
7078
57504
28657
3340
6419
28751
80314
11320
767564
80790
28602
29851
9953
4097
140
54463
162394
28692
28690
28517
166785
3702
28518
5045
54585
90625
9290
2531
1803
93594
54865
51339
940
6548
28752
8482
28619
9882
28755
2625
50650
28611
54900
28614
4999